0.786138
0.633564
0.405613
0.279912
0.254719
0.196097
0.170823
0.171082
0.206871
0.0611068
0.0911818
0.073311
0.0666396
0.123028
0.0465014
0.0304632
0.0198288
0.0489399
0.0375049
0.113745
0.109711
0.0536554
0.0368454
0.0224332
0.0746888
0.0559527
0.0742208
0.0956939
0.0695869
0.0439024
0.0461941
0.0303901
0.0201434
0.0452272
0.0413299
0.0326474
0.0706783
0.0267846
0.0783206
0.0297763
0.0430526
0.0298692
0.0214937
0.044398
0.0570176
0.0377469
0.0256979
0.0513241
0.0770798
0.0952173
0.024837
0.047961
0.0660639
0.0466712
0.092961
0.089507
0.066453
0.0145461
0.0581797
0.0850737
0.034412
0.108277
0.123655
0.218937
0.223499
0.254629
0.274876
0.213407
0.24085
0.244465
0.274317
0.233621
0.371048
0.405647
0
0.340336
0.309813
0.314852
0.27415
0.204214
0.187772
0.134247
0.0653015
0.0426708
0.0445936
0.127556
0
0
0
0
0
0.188459
0.264312
0
0
0.151067
0
0.271304
0.314103
0.28469
0.186704
0.273134
0.233212
0.275503
0.25729
0.196031
0.187832
0.30028
0.251174
0.265062
0.249806
0.437077
0.383028
1.18043
0.39346
0.327189
0.281866
0.318003
0.261497
0.224831
0.224209
0.208758
0.162684
0.105823
0.0688368
0.0478459
0.0757705
0.0481051
0.0751637
0.148172
0.204491
0.192143
0.236991
0.261848
0.279089
0.258308
0.327322
0.261741
0.211551
0.191805
0.124601
0.112377
0.0751845
0.137453
0.0641933
0.0399503
0.0490169
0.0322559
0.075039
0.070062
0.05603
0.0413345
0.0468004
0.0734198
0.050646
0.0565968
0.043012
0.0967927
0.0524279
0.0224142
0.0659273
0.0478423
0.0345593
0.0930047
0.0549702
0.0745287
0.151838
0.160321
0.168626
0.22914
0.138515
0.18198
0.109478
0.0999648
0.0894146
0.0478311
0.0306712
0.0252478
0.092251
0.0178139
0.145483
0.109137
0.0291477
0.0873492
0.0662062
0.11766
0.125904
0.139607
0.0791503
0.12481
0.146346
0.117586
0.145028
0.16765
0.159885
0.193903
0.160815
0.179394
0.145184
0.208497
0.137111
0.14056
0.127863
0.134208
0.230074
0.0751119
0.10793
0.0363533
0.0522931
0.0267645
0.0201925
0.0562077
0.0848168
0.163798
0.190092
0.259033
0.255408
0.247435
0.364391
0.28926
0.305208
0.254102
0.248961
0.245338
0.236664
0.207809
0.18945
0.146714
0.082886
0.108082
0.0999108
0.0734222
0.101399
0.0353466
0.0691891
0.0593384
0.0923588
0.158052
0.165062
0.206377
0.219733
0.189998
0.275211
0.286531
0.360608
0.247836
0.342051
0.407379
0.35634
0.355205
0.375068
0.332713
0.312985
0.366801
0.29365
0.318883
0.433439
0.331874
0.273444
0.210597
0.198253
0.1708
0.164684
0
0
0
0.310228
0
0
0
0
0
0
0
0.342599
0
0.108307
0
0
0.100284
0.223262
0.265743
0.134058
0.149439
0.127925
0.23519
0.230892
0.226541
0.237457
0.228654
0.204741
0.277125
0.255865
0.338088
0.324327
0.299447
0.380395
0.389996
0.385593
0.396072
0.440953
0.395913
0.295004
0.224501
0.28047
0.182468
0.118932
0.0985773
0.041313
0.120159
0.157863
0.180892
0.23428
0.20221
0.291264
0.229188
0.289333
0.210848
0.31268
0.316013
0.307734
0.24642
0.177759
0.281795
0.264734
0.192975
0.298904
0.293903
0.313908
0.476876
0.367776
0.369727
0.530533
0.387993
0.29718
0.300822
0.266413
0.18105
0.13518
0
0
0
0
0
0
0
0.642945
0
0.577725
0.499494
0.474303
0.313893
0.31139
0.264349
0.297861
0.199684
0.23886
0.247816
0.270036
0.313423
0.28802
0.31086
0.434812
0.428989
0.352818
0.372122
0.355197
0.265456
0.230469
0.17454
0.151546
0.098267
0.10037
0.106675
0.0991779
0.130767
0.165307
0.15353
0.110151
0.143169
0.208471
0.23954
0.207918
0.280002
0.366223
0.381504
0.357307
0.464215
0.464987
0.411985
0.45939
0.39517
0.359453
0
0
0
0
0.369981
0
0.12621
0.211895
0.143928
0.173967
0.22535
0.371619
0.285606
0.272496
0.290539
0.212763
0.276343
0.234372
0.207299
0.191581
0.137983
0.143874
0.0950552
0.0814233
0.0427844
0.10216
0.112485
0.139733
0.234629
0.174534
0.347847
0.358345
0.215463
0.303052
0.447834
0.371544
0.350098
0.396003
0
0.506326
0
0
0
0.673863
0.506124
0.373267
0.328272
0.25501
0.213016
0.208504
0.166151
0.070676
0.117949
0.176302
0.187089
0
0.456929
0.475919
0.414481
0.380992
0.422205
0.432899
0.503931
0.655607
0.590073
0.550915
0.694495
0.608633
0.459883
0.518869
0.500847
0.380781
0.292083
0.261029
0.208961
0.099726
0.0646086
0.0490475
0.073683
0.0956789
0.141112
0.225882
0.214282
0.199561
0.185706
0.228595
0.260188
0.315735
0.293061
0.300777
0.345169
0.31493
0.307575
0.208848
0.117239
0.130849
0.11666
0.0482464
0.0735108
0.0515541
0.0397733
0.0842119
0.108704
0.182626
0.115588
0.0841601
0.142062
0.0889605
0.159377
0.0563839
0.0379382
0.0331847
0.0853311
0.0936993
0.13023
0.161446
0.233112
0.200037
0.145896
0.141531
0.182482
0.122067
0.233018
0.126004
0.0769743
0.0474398
0.0652956
0.0915706
0.110263
0.244975
0.255534
0.18071
0.147189
0.143588
0.175492
0.202922
0.172231
0.269387
0.230034
0.206818
0.224704
0.245242
0.193967
0.325835
0.292306
0.319704
0.317064
0.326405
0.260071
0.205318
0.168996
0.112996
0.0668185
0.0980487
0.242084
0.265384
0.317259
0.340891
0.423262
0.544459
0.540463
0.521312
0.447957
0.509377
0.582147
0.496415
0.485571
0
0
0
0
0
0
0
0
0
0
0
0
0
0
0
0.072307
0.192211
0.243515
0.207449
0.196833
0.211083
0.164546
0.156162
0.117676
0.0416413
0.0338299
0.152614
0.153113
0.181049
0.253271
0.240013
0.300586
0.25558
0.302591
0.406323
0.261518
0.393151
0.271956
0.239753
0.231703
0.197606
0.152476
0.154001
0.178786
0.138867
0.0710436
0.0757429
0
0.40954
0
0.412267
0.434577
0.348891
0.389489
0.39164
0.33542
0.327356
0.362578
0.345221
0.406506
0.318956
0.32779
0.313581
0.215941
0.186942
0.228132
0.150867
0.0767458
0.0989711
0.199203
0.239582
0.264465
0.21294
0.116388
0.106625
0.100452
0.109298
0.0832865
0.0504805
0.0488168
0.0949814
0.142424
0.172971
0.140208
0.177794
0.222026
0.154725
0.207345
0.171841
0.200054
0.201482
0.150923
0.281548
0.254411
0.443326
0.591805
0.61077
0.658069
0.495984
0.409397
0.288543
0.298309
0.203581
0.107379
0.238993
0.23969
0.494434
0.731092
0.5724
0.843771
0.655901
0.559426
0.675367
0.685213
0.649916
0.666253
0
0
0
0
0
0
0.19533
0.105312
0.202021
0.520674
0.531981
0.585479
0.499907
0.407267
0.286721
0.200027
0.0748113
0.0670229
0.0845926
0.326421
0.364329
0.370427
0.46109
0.40969
0.409423
0.181655
0.0831862
0.0815661
0.335838
0.380922
0.684396
0.744933
0.841783
0.765793
0.628966
0.563894
0.384811
0.201259
0.074935
0.25736
0.507613
0.922498
0.927605
0.911519
0.70129
0.569534
0.368596
0.159255
0.172087
0.293581
0.40829
0.375191
0.353303
0.262306
0.144589
0.0634313
0.348706
0.307599
0.339202
0.247344
0.161257
0.0781693
0.161898
0.186129
0.297688
0.409276
0.39412
0.23721
0.0662119
0.10239
0.239522
0.22482
0.0920481
0.138013
0.142612
0.159497
0.0821924
0.237147
0.263713
0.135169
0.0533656
0.414684
0.305085
0.145262
0.108385
0.153066
0.10142
0.0241296
0.0347636
0.064491
0.050015
0.0317765
0.042707
0.0343375
0.0777982
0.0193441
0.0146458
0.0459065
0.0205448
0.0154296
0.0118003
0.0458635
0.0318875
0.0400945
0.0397
0.0607835
0.0407139
0.103295
0.0841271
0.0411377
0.0326714
0.0757843
0.013884
0.00981956
0.055399
